1.032063e+05 7.032129e+03 
6.562443e+04 7.032129e+03 
4.778153e+04 1.325041e+04 
3.356230e+04 1.315000e+04 
2.373412e+04 1.276922e+04 
1.697025e+04 8.585736e+03 
1.440169e+04 8.582904e+03 
1.364160e+04 8.498620e+03 
1.302201e+04 8.498620e+03 
1.249937e+04 8.479298e+03 
1.178758e+04 8.163083e+03 
1.069154e+04 8.160382e+03 
9.762526e+03 8.347084e+03 
8.995743e+03 7.937804e+03 
8.491848e+03 6.028546e+03 
8.289426e+03 6.028230e+03 
8.049015e+03 5.903232e+03 
7.678465e+03 5.423683e+03 
7.033863e+03 4.584822e+03 
6.410415e+03 4.412161e+03 
5.876564e+03 4.378548e+03 
5.357568e+03 3.295855e+03 
5.010958e+03 3.214350e+03 
4.679052e+03 3.224287e+03 
4.386709e+03 2.824041e+03 
4.186763e+03 2.213106e+03 
4.027576e+03 2.033755e+03 
3.884195e+03 2.057078e+03 
3.615653e+03 2.081947e+03 
3.360684e+03 2.081947e+03 
3.073343e+03 2.068805e+03 
2.795190e+03 1.994320e+03 
2.481733e+03 1.420847e+03 
2.320453e+03 1.497976e+03 
2.137590e+03 1.440851e+03 
1.991316e+03 1.370474e+03 
1.862160e+03 9.827259e+02 
1.712255e+03 9.827259e+02 
1.553213e+03 9.760412e+02 
1.471450e+03 9.563422e+02 
1.395798e+03 7.094914e+02 
1.277323e+03 6.677495e+02 
1.119263e+03 6.337411e+02 
9.799929e+02 2.908659e+02 
8.659548e+02 2.432611e+02 
7.858125e+02 2.769135e+02 
7.306234e+02 2.840710e+02 
6.296865e+02 2.656634e+02 
5.436005e+02 -1.759314e+02 
4.680239e+02 -1.759314e+02 
3.951988e+02 2.504069e+01 
3.134821e+02 -1.833883e+02 
2.824417e+02 -2.944686e+02 
1.974998e+02 -2.944686e+02 
1.417865e+02 -3.558458e+02 
2.486248e+01 -5.238978e+02 
-7.532745e+01 -5.238978e+02 
-1.591187e+02 -5.323362e+02 
-2.605407e+02 -6.696572e+02 
-3.717211e+02 -6.504197e+02 
-4.202829e+02 -6.476480e+02 
-4.798939e+02 -7.288351e+02 
-5.150975e+02 -9.704660e+02 
-5.797343e+02 -9.704660e+02 
-6.534781e+02 -9.808352e+02 
-7.108330e+02 -9.948219e+02 
-7.904923e+02 -1.103794e+03 
-8.802366e+02 -1.120135e+03 
-9.314878e+02 -1.122973e+03 
-9.981007e+02 -1.185375e+03 
-1.042754e+03 -1.202337e+03 
-1.076944e+03 -1.236655e+03 
-1.112130e+03 -1.287346e+03 
-1.140766e+03 -1.281679e+03 
-1.165865e+03 -1.310351e+03 
-1.183161e+03 -1.310351e+03 
-1.204652e+03 -1.334134e+03 
-1.236662e+03 -1.363896e+03 
-1.250369e+03 -1.368358e+03 
-1.272893e+03 -1.397325e+03 
-1.295150e+03 -1.436082e+03 
-1.312926e+03 -1.436082e+03 
-1.328756e+03 -1.458622e+03 
-1.353012e+03 -1.477211e+03 
-1.384531e+03 -1.477211e+03 
-1.410126e+03 -1.534236e+03 
-1.427365e+03 -1.536167e+03 
-1.438645e+03 -1.549969e+03 
-1.458925e+03 -1.549969e+03 
-1.474609e+03 -1.549969e+03 
-1.489783e+03 -1.571094e+03 
-1.506244e+03 -1.645634e+03 
-1.519890e+03 -1.683252e+03 
-1.531313e+03 -1.683782e+03 
-1.547169e+03 -1.664740e+03 
-1.561905e+03 -1.703231e+03 
-1.587125e+03 -1.691018e+03 
-1.608409e+03 -1.733095e+03 
-1.626767e+03 -1.765000e+03 
-1.657046e+03 -1.801334e+03 
